Quals 1
8567	4909	2877	4761	509	1119	66	33
Quals 2
1768	2084	1058	5422	238	97	42	9
Quals 3
190	5687	5813	88	2342	9644	74	78
Quals 4
1153	1721	5494	4905	166	1073	30	36
Quals 5
8724	811	1729	5459	246	501	20	11
Quals 6
5813	97	88	4909	2713	5422	31	58
Quals 7
2342	4905	1768	509	2877	166	23	50
Quals 8
1721	9644	246	5494	1058	8567	17	33
Quals 9
2084	1073	4761	811	5459	5687	Sat 7:50 AM*
Quals 10
1119	190	238	2713	501	1153	Sat 8:01 AM*
Quals 11
9644	1729	4909	166	1768	8724	Sat 8:12 AM*
Quals 12
1073	5422	5459	246	8567	2342	Sat 8:22 AM*
Quals 13
97	5494	811	2877	1153	190	Sat 8:33 AM*
Quals 14
1058	1119	2713	5687	8724	4905	Sat 8:43 AM*
Quals 15
238	5813	509	1729	4761	1721	Sat 8:54 AM*
Quals 16
501	2877	2084	166	88	5494	Sat 9:05 AM*
